1.000000000000000000e+01
7.424149329706949962e-02
4.802516306840760585e-01
1.941651626487648441e+00
4.606462317345936697e+00
8.335677289682188018e+00
1.085986324952902216e+01
6.850033138485063233e+00
4.354036169907537612e+00
3.968126576401838523e+00
3.393410922723511192e+00
3.629046797253765444e+00
3.391178652605391530e+00
3.629785114678388602e+00
3.325304217218264746e+00
3.456721659829656623e+00
3.070007899089409076e+00
3.139196750871363406e+00
2.822822007219333074e+00
2.908651817987637944e+00
2.650918836593885164e+00
2.742846175636452166e+00
2.534994778746705535e+00
2.659187541395808818e+00
2.561315992338887515e+00
2.816854782299213156e+00
2.921365242555541197e+00
3.362564838076559148e+00
3.621112994968270549e+00
4.223146321986290808e+00
4.574815898552093252e+00
5.326193787299507321e+00
5.711568845543520290e+00
6.544690480171410307e+00
6.786654721499204790e+00
7.278465398747425930e+00
6.919095045516018061e+00
7.037504745026295971e+00
6.555367388831237818e+00
6.609459961324480659e+00
6.219846081277925265e+00
