0.000000000000000000e+00
1.050302831602750485e-14
9.752344534988039956e-14
1.200104294355234241e-12
7.761589029736560600e-11
2.079269123018435042e-07
2.835221156797830544e-02
6.512752057460792443e+00
9.958802751547436216e+00
7.699823708201564365e+00
4.638628303429603861e+00
4.113770869662195295e+00
3.179271643469119280e+00
3.113086288101984067e+00
3.354819691604737031e+00
3.214487430381208988e+00
3.695395612069371616e+00
3.306906516165481147e+00
3.710585539396107357e+00
3.085338193098940529e+00
3.422071227312493136e+00
2.812809909675137110e+00
3.158464897935827409e+00
2.617597597192963477e+00
2.942260444326616931e+00
2.435441059322899893e+00
2.696530543360754262e+00
2.202853724589310502e+00
2.373382824914748390e+00
1.937848923764327047e+00
2.021073382533952412e+00
1.747542312471967785e+00
1.746972250027944096e+00
1.694944035056472620e+00
1.754105137770341827e+00
2.192439533373602423e+00
2.779482716203913295e+00
3.495056070422388750e+00
4.220861970675520602e+00
4.796651457763404736e+00
5.323990058112103796e+00
