0.000000000000000000e+00
1.084682273718549057e-27
1.305214135000261222e-26
1.378556637679902751e-25
4.708111529783987549e-24
6.325083532922622908e-21
6.637679665740078609e-16
3.637917146144854763e-10
1.792544661871695987e-04
3.840959171451921783e+00
8.205345161416211397e+00
9.513322109058071518e+00
4.774113763209104633e+00
3.869361128865701716e+00
3.887047027346913097e+00
2.762843151188734137e+00
2.708748348722072929e+00
3.401238769946926865e+00
2.690790527987059200e+00
3.687609132209539453e+00
2.859083321367697827e+00
3.690970339685730295e+00
2.874919026314820769e+00
3.403626992010258423e+00
2.727033976725694586e+00
3.112025066984657418e+00
2.572376963513627324e+00
2.874998192840591216e+00
2.416628821191995069e+00
2.576673812453119439e+00
2.238030760932725904e+00
2.140582291959712613e+00
2.097886102220454685e+00
1.666049539064171192e+00
1.829645153166683080e+00
1.375144650636426880e+00
1.473727437440966570e+00
1.440257879333304514e+00
1.262397956602832494e+00
1.412285451948204873e+00
1.529155243048419655e+00
