0.000000000000000000e+00
8.438462106933807124e-41
1.530599370575173458e-39
1.631197669093503341e-38
3.298731090278914810e-37
1.965223651385690260e-34
1.480975224832013325e-29
7.946955893512500293e-24
3.913678073332846571e-18
1.720877274534672814e-12
4.467570529233055757e-07
1.094463145595510334e-01
6.482383323657392005e+00
8.227736460634766047e+00
7.111446154469361680e+00
3.862325035743667812e+00
3.498654156102396939e+00
3.387893266836445427e+00
2.969030829468552568e+00
2.237160499971144301e+00
3.316815637645203818e+00
2.462597169738037994e+00
3.278657029511538035e+00
3.249365867378660067e+00
3.252406675115547152e+00
3.543790117702644071e+00
3.104627866158053084e+00
3.317723236119543451e+00
2.870776738179880549e+00
3.053246929019601819e+00
2.603334221872845688e+00
2.821871592806354467e+00
2.201626707304302766e+00
2.542136645638430892e+00
1.870202366097442281e+00
2.078923978169719078e+00
1.812031097303956617e+00
1.411756536481988400e+00
1.689069637633487053e+00
1.235691338570401809e+00
1.170808742364447985e+00
