0.000000000000000000e+00
5.034589105937138445e-54
1.518439920082499269e-52
1.847126220513396882e-51
2.682656652837618596e-50
6.381606965728606781e-48
3.171852897079612650e-43
1.636808216589298003e-37
8.058464723576024367e-32
3.675231940109010239e-26
9.683714775045674963e-21
2.499397305823653654e-15
4.200269645710570360e-10
5.628032006249849396e-05
1.837639404512574126e+00
6.832263287417243092e+00
7.840060670821801914e+00
4.830394813041962720e+00
2.998432449611434514e+00
3.258152544266104123e+00
3.056311364567657840e+00
3.269169336380317148e+00
2.228411330503698995e+00
2.423060618941212052e+00
2.893575894066431786e+00
2.292791111069675924e+00
3.274619090322138604e+00
2.744301261518189872e+00
3.305446497959911412e+00
3.122924755009214959e+00
3.205248590463769975e+00
3.048254498545612368e+00
3.014445951261311318e+00
2.848653342586666692e+00
2.757767501995157744e+00
2.663360998653124145e+00
2.278274622440515707e+00
2.433458342133615115e+00
1.781054750418163080e+00
1.939207539497458832e+00
1.753014589039900928e+00
