0.000000000000000000e+00
2.354515428517344427e-67
1.254842680181164442e-65
1.896392813128584197e-64
2.405972887588969748e-63
2.229900800149805622e-61
6.510502281839669767e-57
3.165731052275910903e-51
1.559258826477041903e-45
7.313928560537931972e-40
1.972442714221080068e-34
5.091113562219697235e-29
9.030025623981936157e-24
1.209931637992987829e-18
1.551242586274986146e-13
1.132809103235159109e-08
7.919594855379818478e-04
3.379171322829428892e+00
6.611126631173404711e+00
7.323349587146083195e+00
4.312626223135889170e+00
2.156460433174113067e+00
2.899184968266857343e+00
2.896247741007230925e+00
3.026914392360276818e+00
2.489742024522223929e+00
2.015397605018462102e+00
2.610098468677877648e+00
2.402767784542938045e+00
2.428900084038334128e+00
3.032603303807602568e+00
2.710417678994462509e+00
3.143716727729710669e+00
3.024198462445461644e+00
3.127657468940900909e+00
3.010963636673640753e+00
2.936412811514090393e+00
2.817371124216276890e+00
2.698475447170343600e+00
2.606387824679054166e+00
2.218627076670520726e+00
