0.000000000000000000e+00
8.793218088903552172e-81
8.602317329317458914e-79
1.708532014127455680e-77
2.194495577437349841e-76
8.847466738735835403e-75
1.279321166463955999e-70
5.722266931590133116e-65
2.823507950442764596e-59
1.351248821049113359e-53
3.759741689349974406e-48
9.702069746773388286e-43
1.815213636031619705e-37
2.434174735710105863e-32
3.183379054344429688e-27
2.413921198178011260e-22
1.687203722033634471e-17
1.036518872333659094e-12
3.846895518619784712e-08
1.423549802636642344e-03
3.237001049366126981e+00
6.136527931684409687e+00
6.747359850229561751e+00
7.114276752558155614e+00
7.497252847378564233e+00
8.843835173726887433e+00
9.565087087333234095e+00
9.695651935136041288e+00
9.505151224692212963e+00
8.687996980552636472e+00
8.275579412680235336e+00
8.894330754534367500e+00
9.263460347847683352e+00
9.831588764388207835e+00
1.051540268183828175e+01
1.105349449638116255e+01
1.185171869750525531e+01
1.231371047552572229e+01
1.303126417376552126e+01
1.337879754986897396e+01
1.406906757665715801e+01
