0.000000000000000000e+00
2.659701179965783286e-94
4.868320283969118683e-92
1.277334547468368519e-90
1.763697892935496436e-89
4.059181092303419507e-88
2.405868238415326034e-84
9.615258004904517802e-79
4.762275922891004967e-73
2.309744019544783460e-67
6.674737189059976842e-62
1.721875182185765084e-56
3.392959651736993744e-51
4.561306606282824240e-46
6.038099867020603025e-41
4.790680328273758750e-36
3.346506346791156365e-31
2.142347453571242084e-26
8.102737135951355740e-22
2.996290123315788055e-17
9.765283138941367025e-13
1.466297580923847179e-09
3.210800370349985567e-08
6.696119056555804199e-07
1.444592312369954944e-05
3.233711168208760838e-04
7.438045441121406663e-03
1.469289699685370765e-01
8.846905792235641997e-01
1.262986273774710622e+00
6.666417008628910956e-01
1.996411326553018395e-01
1.009486439362927701e-01
6.043161313585797972e-02
4.234114716059728112e-02
3.856284878808110411e-02
4.034202458072923270e-02
5.973234026047582329e-02
1.037974270942114696e-01
1.118701159238914972e-01
8.123667945683210601e-02
